date,RV60,RealUncertaintyH1,InfectEMVIndex,FinancialUncertaintyH3,FinancialUncertaintyH12
1.04.1992,25.93729012,0.556747284,0.166666667,-0.017822711,-0.00634843
1.05.1992,23.47596889,0.553269222,0.0,-0.01588139,-0.005663476
1.06.1992,19.01541256,0.552737964,0.245,-0.001777438,-0.001566305
1.07.1992,20.24602634,0.564680127,0.278064516,-0.010176811,-0.00329806
1.08.1992,17.66022162,0.572321646,0.147741935,-0.007967627,-0.002944023
1.09.1992,12.34811544,0.576198431,0.338,-0.01250482,-0.004189838
1.10.1992,10.53120428,0.580492515,0.258387097,-0.002794783,-0.00133181
1.11.1992,13.76435902,0.569570057,0.144,0.005551647,0.00095319
1.12.1992,18.67782054,0.587857074,0.238709677,-0.009306775,-0.003333136
1.01.1993,20.20314418,0.59172357,0.448709677,-0.004480439,-0.001724866
1.02.1993,20.64647399,0.570502338,0.354285714,-0.002312167,-0.000686378
1.03.1993,20.93342943,0.567404121,0.524193548,-0.002107807,-0.000965618
1.04.1993,18.11453554,0.552280744,0.214666667,0.000563562,0.000445448
1.05.1993,14.66742183,0.53966259,0.316129032,-0.009543705,-0.002883949
1.06.1993,14.47822985,0.52619637,0.223,-0.011332891,-0.00344234
1.07.1993,18.40146821,0.518667046,0.219354839,-0.005904005,-0.002048512
1.08.1993,18.6856408,0.520136961,0.366451613,0.002035702,0.000551361
1.09.1993,18.4936368,0.53469303,0.0,-0.001641516,-0.000609691
1.10.1993,21.20796873,0.535973465,0.261935484,0.005849365,0.001501879
1.11.1993,22.42436088,0.536967693,0.059666667,0.007618474,0.001850008
1.12.1993,29.1650966,0.571537773,0.215806452,0.002196356,0.000487824
1.01.1994,35.80043966,0.578633664,0.402903226,0.003048399,0.001236784
1.02.1994,33.9076806,0.569648194,0.256428571,0.005813116,0.002004506
1.03.1994,28.97692324,0.569108751,0.173225806,0.008988964,0.00220655
1.04.1994,35.05046182,0.538807874,0.129666667,-0.016794569,-0.00488947
1.05.1994,36.09282745,0.519762237,0.139677419,-0.004574353,-0.001232388
1.06.1994,26.44340837,0.510992843,0.271,0.001239409,0.000718967
1.07.1994,24.45710509,0.507671153,0.037741935,-0.003239183,-0.000870344
1.08.1994,29.37662351,0.514771716,0.309677419,0.002920543,0.000863129
1.09.1994,29.44988147,0.514227648,0.050666667,-0.00281359,-0.000973576
1.10.1994,24.44101536,0.524283242,0.294516129,-0.00071403,-0.00076381
1.11.1994,22.93882537,0.521642841,0.387,0.007235033,0.001655196
1.12.1994,24.54935511,0.527116386,0.194516129,-0.013525259,-0.004624995
1.01.1995,24.10948675,0.53454647,0.24483871,-0.006984498,-0.002192742
1.02.1995,21.45556129,0.551074242,0.123214286,-0.002422933,-0.000767519
1.03.1995,18.4519641,0.556185054,0.269677419,-0.007336761,-0.002240284
1.04.1995,19.36816432,0.567248688,0.105,0.000218698,-0.000103579
1.05.1995,25.28545592,0.56791675,0.260645161,0.004907601,0.001607693
1.06.1995,26.18110937,0.564811594,0.326,0.010280379,0.002675526
1.07.1995,24.10648324,0.573494782,0.53483871,0.006610916,0.00161814
1.08.1995,21.10705083,0.579460231,0.175806452,-0.002454296,-0.000112549
1.09.1995,17.26940523,0.562504341,0.315333333,0.006425979,0.002486803
1.10.1995,18.17020486,0.561139113,0.120322581,0.011642363,0.003531262
1.11.1995,17.36349559,0.564630838,0.124333333,-0.003595013,-3.02e-05
1.12.1995,15.1842356,0.586047366,0.34516129,-0.010473894,-0.002705499
1.01.1996,21.31842505,0.622830066,0.470322581,-0.002716162,-0.000479973
1.02.1996,26.69029898,0.643162911,0.394482759,0.005250788,0.001936829
1.03.1996,27.86246292,0.61489485,0.340645161,0.011100098,0.004222324
1.04.1996,40.31343317,0.588118109,0.305,0.019549797,0.006331677
1.05.1996,48.92198497,0.55876707,0.192903226,0.018599954,0.006419186
1.06.1996,41.11549246,0.542490634,0.351,0.026324622,0.008923346
1.07.1996,30.62907115,0.534591797,0.201612903,0.029937919,0.010300045
1.08.1996,27.81039514,0.531728781,0.521935484,-0.005973493,-0.000234466
1.09.1996,31.95117983,0.528852227,0.170666667,-0.010099974,-0.001123262
1.10.1996,37.60122394,0.532608001,0.221290323,-0.00141079,0.000769011
1.11.1996,34.55253396,0.53100499,0.146666667,0.005334074,0.002684168
1.12.1996,30.59224379,0.529425717,0.232580645,-0.002166614,0.000232026
1.01.1997,28.48031155,0.53297682,0.22,0.009286412,0.00335726
1.02.1997,28.12154324,0.536179052,0.476428571,0.011244745,0.004105113
1.03.1997,29.48384792,0.526090886,0.319032258,0.019844874,0.006175702
1.04.1997,28.81571339,0.527365358,0.471333333,0.013121095,0.004129232
1.05.1997,26.99877732,0.526268075,0.372580645,0.024288272,0.006688345
1.06.1997,29.56666306,0.53109443,0.41,-0.005256407,-0.000304242
1.07.1997,30.98307148,0.541448866,0.350645161,0.006192731,0.003097805
1.08.1997,27.42989842,0.561381133,0.267741935,0.000828838,0.000812843
1.09.1997,23.5063452,0.556974548,0.292666667,0.009070599,0.002470097
1.10.1997,26.79364232,0.557122443,1.869677419,-0.004454278,-0.00040997
1.11.1997,29.9150247,0.554800048,1.782,-0.013493332,-0.003312125
1.12.1997,29.89748986,0.552426504,1.321935484,1.04e-06,0.000128078
1.01.1998,29.97302165,0.553687829,2.282258065,0.011334325,0.003269463
1.02.1998,35.94720249,0.55332194,1.201785714,0.02375284,0.006820317
1.03.1998,47.42770375,0.560433843,0.432258065,0.005614347,0.0023622
1.04.1998,61.67416311,0.575645489,0.718333333,0.016986787,0.005366108
1.05.1998,56.7582172,0.582519451,0.516774194,0.03792674,0.010898104
1.06.1998,44.66980633,0.609523665,1.136,0.046443266,0.013435327
1.07.1998,48.98260201,0.629962078,0.477419355,0.072175407,0.01885109
1.08.1998,40.95095683,0.65405684,1.645806452,0.076616757,0.019897187
1.09.1998,36.93518278,0.613774697,1.632,-0.064294459,-0.013572624
1.10.1998,39.052483,0.585136713,1.11516129,-0.051049418,-0.011707425
1.11.1998,43.35844871,0.567385994,1.037666667,-0.035487308,-0.009148601
1.12.1998,51.45804973,0.562547104,0.861612903,-0.021324069,-0.005943725
1.01.1999,61.20019682,0.560640451,1.053225806,-0.010862313,-0.003814858
1.02.1999,56.17345969,0.55714445,0.296071429,0.002273257,-0.000640524
1.03.1999,43.01358525,0.546113495,0.201290323,-0.009291073,-0.002184093
1.04.1999,41.15145685,0.540720822,0.321333333,0.005969214,0.001322597
1.05.1999,40.22485552,0.533625283,0.347741935,-0.017255186,-0.003824643
1.06.1999,38.44904578,0.535750207,0.448666667,-0.002933027,0.000346537
1.07.1999,36.27266883,0.539258375,0.45483871,-0.001513696,0.000610663
1.08.1999,32.8324386,0.543813551,0.313870968,0.008856336,0.00279128
1.09.1999,30.91826221,0.552337854,0.717,0.013754202,0.004801317
1.10.1999,34.66617285,0.565080424,0.572258065,0.020519135,0.006284534
1.11.1999,39.75143402,0.561579934,0.405666667,0.028010062,0.007298003
1.12.1999,38.8607528,0.570474774,0.629032258,0.034358869,0.008905974
1.01.2000,36.59925142,0.591235064,0.394193548,0.032401614,0.007735143
1.02.2000,30.54442701,0.586982508,0.453793103,0.037587126,0.008006717
1.03.2000,33.79763089,0.591862593,0.261935484,0.002558727,0.001271613
1.04.2000,46.45384558,0.599796854,0.757333333,-0.022311023,-0.004843207
1.05.2000,45.52473954,0.614329615,0.660645161,-0.01894428,-0.004246461
1.06.2000,37.09485716,0.615495776,0.931,-0.009969522,-0.001913549
1.07.2000,38.77670253,0.608202339,0.381290323,-0.022321973,-0.003971249
1.08.2000,43.36054042,0.60757903,0.327096774,-0.004985487,-0.000459793
1.09.2000,50.6235302,0.612121543,0.382,-0.005594667,-0.000852751
1.10.2000,55.69575244,0.608457684,0.749354839,0.003132014,0.001083503
1.11.2000,46.6532068,0.60994001,0.590666667,0.01662752,0.004431681
1.12.2000,43.16634025,0.626047001,0.828064516,0.00899251,0.001171068
1.01.2001,47.8809549,0.628180614,0.83516129,-0.009109998,-0.001908069
1.02.2001,47.72207356,0.624460508,0.529285714,-0.016831882,-0.003747566
1.03.2001,40.66637436,0.616881291,1.057096774,-0.018621891,-0.005588743
1.04.2001,35.30809193,0.622785598,0.876333333,-0.011188459,-0.003806054
1.05.2001,32.79504358,0.616272521,0.402580645,-0.014025596,-0.004989986
1.06.2001,26.61155633,0.617547976,0.666,0.000422206,-0.000963233
1.07.2001,31.30744078,0.617976353,0.729677419,0.01609958,0.003093626
1.08.2001,34.38949548,0.626221976,0.345806452,0.027905189,0.00644324
1.09.2001,39.63383118,0.632029342,0.629666667,0.043936146,0.009079645
1.10.2001,63.26132607,0.635646746,0.899032258,-0.036383472,-0.009101765
1.11.2001,68.14514105,0.614044236,0.552333333,-0.030408459,-0.008319073
1.12.2001,67.86438251,0.596176688,1.012903226,-0.031004713,-0.008666761
1.01.2002,56.50348661,0.589416222,1.195483871,-0.015701168,-0.004513723
1.02.2002,41.73674328,0.5751453,0.35,-0.000595513,-0.000601
1.03.2002,43.59834787,0.566472105,0.192580645,0.011770167,0.002554839
1.04.2002,42.90902467,0.558265826,0.506333333,0.006958964,0.00261201
1.05.2002,39.39998919,0.547911017,0.310322581,0.019360888,0.004606276
1.06.2002,36.87630767,0.547089872,0.346,0.03934629,0.009978653
1.07.2002,32.5519429,0.552069418,0.832258065,0.040446979,0.00898405
1.08.2002,24.81436914,0.558645292,0.933225806,-0.026500646,-0.005582641
1.09.2002,24.77811546,0.558523542,0.682333333,0.002994291,0.000944771
1.10.2002,25.23860705,0.557767751,1.032580645,-0.038216742,-0.009945192
1.11.2002,28.4884844,0.567178881,0.425666667,-0.026096026,-0.008293168
1.12.2002,30.70588062,0.582837073,0.662580645,-0.030442978,-0.009264637
1.01.2003,34.86530298,0.593974814,1.028709677,-0.034786401,-0.010727092
1.02.2003,32.84742046,0.59262302,0.583571429,-0.020832917,-0.00712762
1.03.2003,31.90462014,0.578428628,0.653225806,-0.008411539,-0.003887276
1.04.2003,47.579118,0.578336806,1.878333333,0.012531842,0.001153717
1.05.2003,42.32084929,0.562355222,2.069677419,-0.014754356,-0.005520525
1.06.2003,29.83660508,0.552176292,1.352333333,-0.037696793,-0.011600983
1.07.2003,32.51899622,0.55313017,0.534193548,-0.017781912,-0.006605338
1.08.2003,32.40851942,0.551889119,0.319354839,-0.017600985,-0.006108027
1.09.2003,30.09325801,0.549359947,0.653,-0.008763411,-0.003607451
1.10.2003,30.92079812,0.546522208,0.613870968,0.000891327,-0.00069612
1.11.2003,30.43050516,0.547288798,0.301666667,-0.033804114,-0.009869538
1.12.2003,34.82515457,0.538257351,1.42516129,-0.018092583,-0.005562235
1.01.2004,44.30321029,0.537763208,0.930645161,-0.015839145,-0.005967221
1.02.2004,40.95474511,0.542819773,0.76,-0.01250102,-0.00438039
1.03.2004,30.08310582,0.561258096,0.453225806,-0.002565858,-0.00173541
1.04.2004,32.76492168,0.561695815,0.351666667,0.007802243,0.001313934
1.05.2004,33.49438274,0.569893164,0.407419355,-0.004265373,-0.001786298
1.06.2004,34.76699949,0.584275069,0.699333333,0.008619702,0.001944421
1.07.2004,37.11713301,0.573594594,0.65516129,0.015998901,0.004032356
1.08.2004,30.58911257,0.564223843,0.295483871,-0.015179645,-0.00453877
1.09.2004,30.69303992,0.567276267,0.440333333,-0.000864024,-0.000883319
1.10.2004,34.87860624,0.578942183,0.67516129,0.003482807,0.000394783
1.11.2004,33.61538714,0.592444722,0.437,0.0182084,0.003685613
1.12.2004,45.89069379,0.617814954,1.044516129,-0.013897012,-0.00290348
1.01.2005,50.98315254,0.621069669,0.776451613,-0.002550051,-0.000825076
1.02.2005,38.855201,0.602042618,0.523571429,-0.004954126,-0.001650314
1.03.2005,29.7316126,0.600309658,1.083225806,0.000697702,0.000127656
1.04.2005,34.68992445,0.592149531,0.407333333,0.006691199,0.001350628
1.05.2005,34.78904922,0.587463717,0.319677419,-0.006616159,-0.001857593
1.06.2005,28.22849318,0.593040015,0.411,-0.014626475,-0.004205418
1.07.2005,31.09525621,0.609209712,0.342258065,-0.004293282,-0.001536477
1.08.2005,32.52170797,0.628608466,0.394193548,-0.011156309,-0.003554198
1.09.2005,31.24369755,0.670231438,0.517666667,-0.006770483,-0.002236513
1.10.2005,32.91573174,0.660430481,0.455806452,0.004665065,0.000851304
1.11.2005,31.87669188,0.63931449,0.468,0.001275489,-0.000948345
1.12.2005,27.6491411,0.616787951,0.4,-0.008209561,-0.002966954
1.01.2006,26.85827654,0.613962238,0.697096774,0.006478202,0.000846927
1.02.2006,30.12881916,0.600456767,0.404642857,-0.01367394,-0.004172658
1.03.2006,30.25843463,0.587450341,0.440645161,-0.006824372,-0.001463105
1.04.2006,28.41953317,0.591593896,0.555666667,-0.003708987,-0.000371455
1.05.2006,29.07620088,0.595435632,0.570645161,0.006815579,0.002441808
1.06.2006,31.89633611,0.587561007,0.536333333,-0.014791626,-0.003880185
1.07.2006,29.68150853,0.589322374,0.276774194,-0.003113476,-0.000416342
1.08.2006,27.62448758,0.590775775,0.258387097,-0.013825067,-0.003508261
1.09.2006,32.69539051,0.604575774,0.536,-0.010083838,-0.002863395
1.10.2006,38.27579823,0.600339861,0.270645161,-0.000448018,-0.000194265
1.11.2006,36.08318658,0.590108508,0.338666667,-0.008091778,-0.002613888
1.12.2006,30.17572597,0.60065409,0.352580645,-0.005075285,-0.001062632
1.01.2007,29.37074467,0.604930278,0.54,0.00247305,0.001433585
1.02.2007,30.23326469,0.592867586,0.271428571,0.006301329,0.002621082
1.03.2007,31.14313736,0.582518983,0.41516129,0.010258224,0.004006132
1.04.2007,27.88815928,0.566756019,0.317333333,0.020302465,0.007386346
1.05.2007,24.40870148,0.546691113,0.478387097,0.023563582,0.007750252
1.06.2007,25.17541484,0.542532697,0.484666667,0.024823121,0.008483784
1.07.2007,22.98879432,0.546399886,0.412258065,0.030631435,0.009886582
1.08.2007,24.19778397,0.554525035,0.651612903,0.005621776,0.003823044
1.09.2007,26.79335175,0.555346716,0.565666667,0.018704444,0.007740864
1.10.2007,27.45843808,0.562294358,0.50516129,0.029053425,0.010046145
1.11.2007,29.63863258,0.57357774,0.465666667,0.042149368,0.013303307
1.12.2007,29.5272784,0.578532418,0.486774194,0.012626947,0.006487641
1.01.2008,30.83915962,0.58086224,0.66483871,0.031435702,0.011331244
1.02.2008,29.673382,0.597457799,0.45862069,0.008118406,0.00442985
1.03.2008,26.93418901,0.616892304,0.631612903,0.015359843,0.0063518
1.04.2008,29.29604757,0.647886868,0.405,0.034845497,0.01137548
1.05.2008,31.37115321,0.670755081,0.531935484,0.043816758,0.013597646
1.06.2008,33.46486668,0.692611803,0.357666667,0.068592624,0.019285972
1.07.2008,36.69336002,0.723370517,0.552580645,0.033194022,0.010211031
1.08.2008,37.53418306,0.768780944,0.291935484,0.055530293,0.015166783
1.09.2008,44.11285472,0.836004932,0.749,0.092850902,0.022897887
1.10.2008,56.88584764,0.851461161,1.638064516,0.085965995,0.018764594
1.11.2008,66.88999395,0.872863125,0.862,-0.037959874,-0.008914922
1.12.2008,78.96984977,0.88599913,0.596451613,-0.030776822,-0.007813189
1.01.2009,93.5127185,0.89447351,1.673548387,0.006527387,-0.00042996
1.02.2009,89.18959618,0.849300075,0.873571429,-0.015831031,-0.004350512
1.03.2009,74.80163587,0.806349266,0.916774194,-0.033846825,-0.008393435
1.04.2009,62.55716237,0.763138454,0.901333333,-0.031040458,-0.008628602
1.05.2009,48.12496083,0.737635103,0.587419355,-0.075513174,-0.018512404
1.06.2009,36.04606193,0.723778709,0.839,-0.049062801,-0.013613664
1.07.2009,37.67375948,0.731729647,0.332258065,-0.020350874,-0.007068054
1.08.2009,40.31624547,0.698918464,1.019677419,-0.039918727,-0.010958065
1.09.2009,41.04526124,0.68116293,0.767333333,-0.018489722,-0.006215136
1.10.2009,38.40225146,0.667204845,0.472258065,-0.009088666,-0.003732594
1.11.2009,32.70046663,0.66550095,0.358333333,-0.01989083,-0.005033311
1.12.2009,31.21568359,0.661453507,0.937741935,-0.007012689,-0.002623104
1.01.2010,28.40016366,0.6686075,0.471935484,-0.002542218,-0.000743834
1.02.2010,29.22795323,0.660720336,0.095714286,0.003474234,0.000566661
1.03.2010,30.98151923,0.670379442,0.32516129,0.012906164,0.003124699
1.04.2010,28.08669044,0.662999993,0.242333333,0.012667179,0.003063965
1.05.2010,32.91863523,0.667184804,0.215806452,0.030705018,0.007342357
1.06.2010,37.64958727,0.632431321,0.271666667,0.003090639,0.000664633
1.07.2010,33.20596617,0.611256497,0.284516129,-0.003212954,-0.001127167
1.08.2010,31.45923673,0.599405864,0.199354839,-0.002185044,-0.001424042
1.09.2010,30.47100184,0.59310739,0.19,-0.015217506,-0.004062243
1.10.2010,24.6984582,0.585094783,0.359354839,-0.057901344,-0.015230279
1.11.2010,20.48289314,0.587205953,0.362,-0.034508749,-0.010045942
1.12.2010,18.58836344,0.611254442,0.121935484,-0.014756796,-0.005085331
1.01.2011,18.45189881,0.622456733,0.52,-0.034435388,-0.009855225
1.02.2011,19.27753483,0.62480202,0.155,-0.016657127,-0.005205588
1.03.2011,26.78293197,0.628327953,0.206451613,-0.013332173,-0.003943058
1.04.2011,27.83756218,0.617750013,0.262333333,0.002645716,0.000451396
1.05.2011,31.71107005,0.599737548,0.113548387,0.016513386,0.00400471
1.06.2011,34.99360065,0.583624599,0.272666667,0.027353742,0.007519759
1.07.2011,30.69882034,0.580986859,0.131935484,0.044841242,0.011886404
1.08.2011,28.70032463,0.575819777,0.50516129,0.056056839,0.014308011
1.09.2011,27.23203458,0.573734134,0.266666667,0.036605477,0.009564455
1.10.2011,28.55292492,0.577892577,0.331612903,-0.002963987,-0.000616805
1.11.2011,27.41457989,0.578223167,0.226,-0.069979734,-0.017968482
1.12.2011,24.86730539,0.585670019,0.458709677,-0.048021975,-0.012825717
1.01.2012,23.39466639,0.582483724,0.291612903,-0.024242801,-0.007419808
1.02.2012,20.89797591,0.568784385,0.63862069,-0.03265746,-0.009962516
1.03.2012,19.54697429,0.569487842,0.227096774,-0.018519384,-0.006378899
1.04.2012,19.20741903,0.560354728,0.367,-0.004054867,-0.002432007
1.05.2012,19.80457717,0.553296627,0.260645161,0.010520359,0.001552251
1.06.2012,26.56440326,0.552263224,0.347333333,-0.027809163,-0.008862218
1.07.2012,32.01697922,0.559277999,0.316451613,-0.025625951,-0.008435943
1.08.2012,27.34163029,0.560330196,0.48483871,-0.018389799,-0.00621142
1.09.2012,20.29256731,0.56229326,0.163666667,-0.015257923,-0.005158756
1.10.2012,22.46401737,0.569996719,0.35516129,-0.006198355,-0.002455134
1.11.2012,23.01565991,0.586381809,0.147666667,-0.003797306,-0.001987115
1.12.2012,20.54358557,0.599427496,0.289677419,0.005861301,0.001026712
1.01.2013,17.50874533,0.583071252,0.366451613,0.010002352,0.002924304
1.02.2013,13.70897098,0.577296581,0.366071429,-0.009428266,-0.003002918
1.03.2013,13.03663268,0.564555124,0.54483871,0.003796417,0.00068877
1.04.2013,16.56319666,0.553918424,0.315,-0.001438907,-0.000575676
1.05.2013,22.80106487,0.550963435,0.266774194,0.009965397,0.002699033
1.06.2013,23.76467164,0.55660334,0.210666667,0.007873595,0.002555599
1.07.2013,19.83629608,0.571714048,0.145483871,0.018583702,0.005149177
1.08.2013,15.30678415,0.576668615,0.315483871,-0.000225999,0.000230433
1.09.2013,15.41338062,0.569729463,0.231666667,-0.00420722,-0.001062449
1.10.2013,17.96910322,0.580118685,0.497096774,-0.014568308,-0.003872948
1.11.2013,17.51800913,0.585606989,0.232,-0.005651387,-0.002021711
1.12.2013,16.19905938,0.601163034,0.489032258,2.02e-05,-5.81e-05
1.01.2014,14.82117889,0.625261777,0.429354839,0.008497899,0.002791997
1.02.2014,13.83051137,0.625276901,0.409285714,-0.001084733,-0.000719261
1.03.2014,13.63754453,0.609841412,0.505806452,-0.009927135,-0.002900088
1.04.2014,14.83907202,0.594761637,0.254666667,-0.00146653,-0.000923849
1.05.2014,13.27497005,0.582168965,0.340967742,0.001301843,0.000140327
1.06.2014,11.0846712,0.581954858,0.094666667,0.015314505,0.003992582
1.07.2014,11.71095346,0.593904278,0.433870968,0.022210793,0.005870502
1.08.2014,12.46028205,0.596699143,0.400645161,0.003877499,0.002116493
1.09.2014,13.0791645,0.587110632,0.490333333,0.005987861,0.001692525
1.10.2014,16.48975041,0.589319116,4.16,-0.011126201,-0.002061609
1.11.2014,21.68065261,0.593884371,1.309666667,-0.010866864,-0.00151811
1.12.2014,31.09545686,0.599659302,1.052580645,-0.000889259,0.000887372
1.01.2015,39.09530047,0.61127529,1.122258065,0.012064393,0.004503971
1.02.2015,45.80073576,0.61488593,1.05,0.004661638,0.002746099
1.03.2015,46.28278606,0.618080777,0.581935484,-0.016602614,-0.003655751
1.04.2015,38.59839157,0.610149603,0.355,-0.002647219,-0.000128241
1.05.2015,32.21596884,0.608370976,0.769677419,0.00430476,0.002126892
1.06.2015,31.75552551,0.606515736,0.136666667,0.015622276,0.005359819
1.07.2015,34.63297931,0.605008801,0.311290323,0.025993166,0.007898307
1.08.2015,35.47024859,0.598053984,0.782903226,0.026331419,0.008653818
1.09.2015,47.40986518,0.594834965,0.247666667,0.009801202,0.002356346
1.10.2015,49.25919511,0.586208981,0.244193548,0.004480098,0.001408736
1.11.2015,38.73757242,0.587303195,0.38,-0.006488571,-0.002600973
1.12.2015,36.41823371,0.589960096,0.37,0.011804536,0.002117024
1.01.2016,44.11861135,0.598698863,0.879354839,0.007575837,0.001895342
1.02.2016,58.6372951,0.601608256,0.724137931,-0.028365155,-0.008284799
1.03.2016,63.74086421,0.596734042,0.707419355,-0.011530411,-0.003893999
1.04.2016,53.30828074,0.587426033,0.597,-0.033415641,-0.009882302
1.05.2016,45.31997482,0.580266535,0.472903226,-0.020463069,-0.006749283
1.06.2016,39.03175304,0.576089929,0.714,-0.007814568,-0.003216061
1.07.2016,37.98907666,0.569332113,0.682258065,0.001164051,-0.000968417
1.08.2016,39.54515027,0.565420395,0.325483871,-0.004444791,-0.002416196
1.09.2016,38.41611998,0.565003518,0.278666667,0.007057703,0.001001544
1.10.2016,37.24050599,0.571788221,0.787741935,0.019037248,0.003977773
1.11.2016,34.07071775,0.579155556,0.153333333,0.011704047,0.001789805
1.12.2016,43.75685457,0.582078037,0.186451613,-0.045708984,-0.012489683
1.01.2017,41.28390697,0.57732514,0.383870968,-0.030073064,-0.008671389
1.02.2017,26.05339401,0.581405765,0.298571429,-0.021630889,-0.006780763
1.03.2017,27.94868206,0.581915187,0.353548387,-0.014544217,-0.005721513
1.04.2017,27.10371298,0.586962457,0.738,-0.007178019,-0.003088262
1.05.2017,24.93812274,0.585942177,0.166129032,0.001589445,-0.000444199
1.06.2017,30.46099493,0.584501549,0.368666667,0.000642541,0.000167953
1.07.2017,32.87570022,0.58579137,0.142580645,0.002851894,0.000694105
1.08.2017,29.44396932,0.592179723,0.474516129,0.011273886,0.003291735
1.09.2017,22.43730364,0.595894097,0.217,0.014197606,0.004564068
1.10.2017,21.80116576,0.598751219,0.22483871,-0.002859304,0.00151288
1.11.2017,23.1659268,0.584592031,0.17,0.004497263,0.003536146
1.12.2017,21.7744241,0.587306005,0.41516129,0.007459434,0.004077983
1.01.2018,19.74471685,0.598685484,0.38,0.018548674,0.007359628
1.02.2018,19.60735982,0.606525551,0.472142857,0.018047858,0.006216945
1.03.2018,22.26411022,0.598684276,0.330967742,-0.003025954,-0.000108134
1.04.2018,26.72179958,0.613420622,0.491333333,0.007337113,0.00270904
1.05.2018,29.32450065,0.625991232,0.320322581,0.018175548,0.005604757
1.06.2018,29.50537541,0.606408207,0.164666667,0.011567192,0.004663994
1.07.2018,30.74095056,0.594586475,0.274516129,0.025940987,0.008620156
1.08.2018,28.84134397,0.589460866,0.192580645,0.038098559,0.01171347
1.09.2018,22.5704827,0.583434465,0.313666667,0.050058846,0.014500991
1.10.2018,21.45899912,0.587541556,0.399032258,0.070806673,0.01955507
1.11.2018,28.89869285,0.599713384,0.348666667,0.025180962,0.008364794
1.12.2018,40.89002096,0.61949973,0.239677419,0.051348641,0.013731228
1.01.2019,46.32901738,0.62423266,0.585806452,-0.012712946,-0.001756904
1.02.2019,37.1347437,0.614016264,0.111785714,-0.044212221,-0.010058592
1.03.2019,24.24484025,0.609393627,0.380967742,-0.017883164,-0.004427899
1.04.2019,22.79730155,0.620263428,0.574666667,-0.000151955,0.000492714
1.05.2019,26.63298116,0.614601695,0.577741935,0.019757611,0.005082724
1.06.2019,33.58077277,0.618554532,0.419333333,-0.01173981,-0.002391461
1.07.2019,34.28837839,0.629236334,0.386129032,-0.022242463,-0.005181934
1.08.2019,35.68118233,0.643654948,0.603548387,0.001342615,0.000464087
1.09.2019,44.39650623,0.665815174,0.626666667,-0.008748971,-0.000602266
1.10.2019,45.30388044,0.694134619,0.984193548,0.003284545,0.002686881
1.11.2019,31.85912203,0.739553686,0.583333333,0.025453551,0.008150589
1.12.2019,23.04710275,0.787412605,0.765806452,0.044616482,0.012723147
1.01.2020,24.22406964,0.864319602,1.118709677,0.071369099,0.019082181
1.02.2020,32.65569111,0.988803362,8.854827586,0.093616664,0.023924331
1.07.2020,52.2594945,1.261169791,20.35,-0.029606543,-0.00713077
1.08.2020,28.06120199,1.159178557,20.40032258,-0.014014788,-0.004530837
1.09.2020,33.02638267,1.055586328,18.584,-0.001217599,-0.001680283
1.10.2020,41.36369985,0.988072139,23.11258065,0.010741712,0.002462182
1.11.2020,43.23907781,0.943529674,18.20333333,0.035315366,0.008164122
1.12.2020,37.83200362,0.934218585,17.7816129,-0.050798072,-0.01196345
1.01.2021,28.38530086,0.954811329,21.30129032,-0.031060409,-0.00825583
1.02.2021,25.49183626,0.997059813,17.89,-0.021684794,-0.005738655
1.03.2021,32.48667208,1.00121163,19.35709677,-0.043421775,-0.010123983
1.04.2021,43.85723426,0.913828553,15.70866667,-0.032634616,-0.007691647
1.05.2021,38.35500328,0.856925839,13.25387097,-0.019713229,-0.00395186
1.06.2021,23.86935389,0.808977351,11.41633333,-0.006959635,-0.001133251
1.07.2021,25.22806156,0.794205064,13.24,-0.001295733,0.000595411
1.08.2021,33.68447995,0.769931586,9.089677419,0.002679789,0.001985061
1.09.2021,33.82702606,0.776890483,10.41066667,0.017180884,0.005418832
1.10.2021,25.76569923,0.780086898,10.65,0.015363649,0.005736601
1.11.2021,24.95318618,0.757088836,9.647333333,0.019600176,0.006782647
1.12.2021,42.09955565,0.758736971,10.14709677,0.019179576,0.007816768
1.01.2022,42.32490244,0.767151518,17.53967742,0.025552435,0.009720524
1.02.2022,30.47026091,0.762107519,13.09035714,-0.008690044,0.00046549
1.03.2022,56.74471679,0.746110175,14.26419355,0.008596036,0.001258559
1.04.2022,72.0659914,0.734499837,13.1,0.028457878,0.004840948
1.05.2022,61.15003733,0.718627912,17.67290323,-0.005597257,-0.003303832
1.06.2022,44.35372006,0.700513855,13.669,0.017084548,0.00266217
